a = 10.000000
c = 0.000000
h = 0.000000
i = 33.000000
l = 0.000000
o = 5.000000
p = 0.000000
q = 0.000000
u = 10.000000
x = 25.000000
y = 25.000000
z = 66.000000
