h = 0.000000
i = 0.000000
s = 6.000000
x = 2.000000
y = 5.000000
z = 10.000000
