a = 6.000000
c = 0.000000
h = 0.000000
i = 0.000000
l = 0.000000
p = 0.000000
q = 0.000000
x = 5.000000
y = 10.000000
z = 66.000000
