a = 55.000000
c = 8.000000
e = 67.000000
h = 0.000000
i = 0.000000
k = 5.000000
o = 9.000000
w = 43.000000
x = 55.000000
y = 5.000000
z = 23.000000
