x = 5.000000
y = 5.000000
z = 10.000000
