g = 35.000000
x = 10.000000
y = 25.000000
z = 999.000000
