c = 0.000000
l = 0.000000
x = 10.000000
y = 0.000000
