x = 20.000000
y = 25.000000
