a = 55.000000
w = 43.000000
x = 55.000000
y = 5.000000
z = 23.000000
