d = 35.000000
g = 35.000000
h = 1.02400000e+03
x = 10.000000
y = 25.000000
z = 999.000000
